1000 50 50 50
277
968
1139
252
323
290
708
533
773
338
171
258
407
104
419
951
715
168
676
351
297
190
918
584
670
911
720
122
687
830
723
167
1103
340
878
274
223
1073
717
389
138
958
417
1175
617
263
1046
180
826
479
22
1177
674
668
150
1003
113
618
1023
610
1069
358
91
570
454
1135
803
844
286
761
467
1115
279
1160
745
1161
986
83
335
972
365
2
877
1041
271
821
898
289
729
237
841
695
1085
64
153
854
1093
996
876
593
1024
643
522
308
391
241
480
591
1178
371
125
318
181
95
52
433
1064
980
887
66
630
266
934
369
1081
143
641
1112
753
303
306
671
905
304
385
1162
1126
807
879
17
1002
571
1056
243
215
45
242
718
1009
160
840
960
684
474
166
90
891
1047
722
427
74
607
644
940
1176
152
551
362
832
597
275
805
815
989
640
227
608
726
119
622
532
164
100
221
1066
429
1136
238
356
128
666
1071
1168
811
1033
675
161
1142
259
466
707
962
875
1174
1089
573
942
246
12
861
384
1194
850
1119
220
914
493
631
142
364
280
788
144
1113
948
800
444
952
176
578
650
678
917
470
99
1146
931
1198
312
595
177
783
526
486
1145
604
80
254
163
923
4
596
141
959
1130
778
25
344
326
576
18
1028
350
973
202
531
5
537
116
865
196
230
316
762
858
434
589
381
1072
662
750
44
957
742
282
79
376
698
950
921
495
439
1150
413
291
1182
103
115
345
1078
993
372
342
966
136
900
582
549
428
822
771
581
29
26
894
524
516
123
30
586
15
1042
724
302
81
545
693
780
399
919
981
357
583
939
599
626
833
525
514
1088
478
691
890
1120
912
6
455
3
1076
915
528
943
1032
738
109
408
276
642
1148
468
697
203
334
398
1138
902
8
897
507
557
605
702
435
209
504
1118
1165
880
625
148
716
1034
1179
731
105
579
48
1129
236
748
831
1087
628
601
287
799
1098
508
766
288
982
239
261
590
529
130
500
93
363
325
1065
465
192
539
714
1096
737
58
374
802
75
333
285
871
928
438
755
781
1045
857
749
1030
1050
459
1191
667
375
443
774
199
1141
542
1080
21
187
682
71
222
195
388
653
114
294
65
336
1157
567
706
92
910
747
652
985
1188
527
307
712
651
361
50
770
818
331
899
34
1084
1121
13
759
126
786
88
997
117
553
837
974
1055
162
409
554
518
530
721
746
808
183
456
1111
906
43
33
264
332
777
132
916
386
178
173
175
935
510
655
349
1172
672
401
882
226
1016
272
42
801
156
1014
457
592
908
1133
1038
1049
812
313
719
201
311
251
629
1035
35
689
421
888
396
1092
680
7
577
359
727
281
129
1043
856
1060
1106
903
936
295
612
995
580
1196
133
994
101
544
1099
353
184
926
523
193
488
461
701
298
924
296
975
513
688
63
817
855
76
823
825
447
700
734
538
147
131
992
28
654
621
609
1190
418
225
709
511
1082
72
94
60
1189
895
497
484
140
355
309
534
87
881
767
659
244
210
1105
649
976
348
1144
1104
1053
824
635
1091
1074
77
863
37
839
339
736
638
24
946
901
896
257
735
1095
387
1123
423
1107
546
1048
1195
787
370
947
713
469
379
971
606
1110
979
253
988
411
602
1131
73
328
107
250
299
648
636
431
19
1057
390
1134
933
588
547
961
448
1054
211
205
219
1164
317
970
517
1086
685
1143
505
1020
1192
1185
764
300
102
1025
1017
760
587
1102
1127
16
463
624
885
1044
535
1152
860
559
632
432
85
437
471
944
563
284
97
509
827
501
536
566
585
393
207
267
679
54
793
46
149
492
412
395
519
404
229
1068
346
415
907
740
868
572
782
314
1007
862
790
1166
941
425
10
797
494
1037
794
904
23
541
686
110
231
451
870
569
59
1040
835
704
873
893
867
278
1128
265
121
1183
1026
442
320
754
663
1170
1181
1052
1006
118
847
1197
485
373
406
613
327
512
983
751
460
1083
169
776
397
491
920
1125
503
186
1122
482
55
472
217
283
851
658
84
440
872
382
711
677
405
1063
692
990
174
922
248
1151
574
464
40
197
816
96
616
483
977
892
991
660
232
1108
1004
849
703
744
228
558
1036
1101
270
1018
627
836
185
810
665
400
191
779
1015
1187
56
1027
866
293
796
819
135
1011
984
978
874
733
1173
637
732
743
690
1132
929
598
208
1171
565
310
1019
1067
200
772
889
330
1010
86
245
669
453
556
752
368
1109
414
62
477
1114
999
664
14
1167
568
155
963
647
869
360
775
646
696
262
763
611
614
886
730
965
521
1031
377
683
1163
179
430
475
127
1
51
758
548
930
848
139
955
1022
795
392
843
9
172
188
757
909
633
673
27
555
247
354
273
705
1186
234
47
20
1140
791
145
949
623
550
69
694
725
341
859
1147
639
1058
146
301
158
82
768
498
473
157
756
10
18
28
43
121
156
169
228
245
262
269
276
282
286
294
297
317
347
356
403
428
436
523
529
535
562
577
583
602
617
645
659
692
716
793
798
850
896
931
949
984
1002
1021
1022
1045
1064
1079
1085
1121
1176
12
74
113
138
161
176
181
215
271
279
280
286
356
365
391
454
493
532
608
617
630
674
684
707
729
753
815
826
832
850
891
905
917
931
948
986
1002
1009
1024
1064
1066
1069
1081
1085
1089
1093
1126
1168
1176
1178
43
44
91
94
113
120
128
145
157
191
209
237
257
265
294
311
336
360
370
421
423
463
465
476
485
487
538
549
569
593
671
693
726
728
746
757
767
819
825
884
885
910
918
924
939
948
955
960
966
999
