course,year,06/01,06/08,06/15,06/22,06/29,07/06,07/13,07/20,07/27,08/03,08/10,08/17,08/24,12/31
1310,2010,12,12,19,36,43,49,63,74,84,96,111,125,145,171
1310,2011,24,26,45,60,77,83,100,112,137,164,191,214,241,256
1310,2012,35,39,63,87,106,113,131,153,176,191,215,238,270,276
1310,2013,25,29,49,66,87,98,123,149,180,217,248,281,304,315
1310,2014,69,79,96,114,144,162,175,196,230,247,276,317,363,375
1310,2015,43,55,63,78,96,111,127,150,170,186,217,260,301,338
1320,2010,8,8,10,12,14,14,17,21,24,30,37,46,62,75
1320,2011,9,10,11,14,14,16,16,19,21,22,29,34,45,53
1320,2012,16,17,18,18,20,20,22,30,38,47,55,66,90,94
1325,2010,25,29,31,31,31,31,33,36,38,38,45,48,57,63
1325,2011,19,19,19,20,20,23,27,28,38,41,45,49,59,60
1325,2012,43,46,46,46,48,50,52,55,56,56,59,61,65,66
2312,2010,25,28,30,31,31,32,35,36,38,41,46,53,60,64
2312,2011,18,20,20,22,22,23,24,26,36,41,46,49,56,57
2312,2012,35,37,37,38,40,41,44,46,47,53,56,56,64,66
2315,2010,19,21,24,25,25,26,27,28,30,32,39,45,57,63
2315,2011,20,21,21,24,24,26,28,28,40,47,53,56,72,77
2315,2012,29,30,30,30,31,31,33,37,40,45,49,52,61,61
2320,2010,10,10,13,13,13,13,15,15,18,21,24,26,38,45
2320,2011,23,24,25,27,28,28,30,32,34,34,36,39,50,54
2320,2012,31,34,34,35,36,38,40,44,44,48,49,53,67,69
2441,2010,6,7,8,9,9,9,10,11,11,12,13,15,18,21
2441,2011,7,7,7,7,7,7,8,8,9,11,11,11,12,14
2441,2012,3,4,4,4,4,4,4,5,5,5,5,5,7,7
